NumberOfFiles: 4    
TotalJobSizeInKB: 3261      
FILE1.FileName: F:\\REIN/FACEANTERIEURE001_DS.dcm
FILE1.FileSize: 70226
FILE1.TransferSyntax: 1.2.840.10008.1.2.1
FILE1.00100010: DMSA^ENFANT^^^
FILE1.00100020: 2260430
FILE1.00080020: 2019.03.19
FILE1.00081030: REIN DMSA : IMAGES
FILE1.0020000D: 2.16.840.1.113669.632.20.670001.900002385945
FILE1.00200010: DMSA
FILE1.00080030: 13:00:01.0
FILE1.00080050: A93792033880
FILE1.0020000E: 1.2.840.113619.2.265.1.2.0.19032019115703937.29061
FILE1.00080021: 2019.03.19
FILE1.00080031: 13:00:01.0
FILE1.0008103E: DMSA ENFANT FACES
FILE1.00080042: 0
FILE1.00200011: 1
FILE1.00080060:  NM
FILE1.00080016: 1.2.840.10008.5.1.4.1.1.20
FILE1.00080018: 1.2.840.113619.2.265.1.2.0.19032019115702109.29342
FILE1.00111010: DMSA ENFANT FACES
FILE1.00280008: 2
FILE1.00200013: 1
FILE1.00111013: 0
FILE1.001110F9: 0
FILE1.00540400: DMSA ENFANT FACE
FILE1.00280010: 128
FILE1.00280011: 128
FILE2.FileName: F:\\REIN/AnteriorStatic001_DS.dcm
FILE2.FileSize: 59924
FILE2.TransferSyntax: 1.2.840.10008.1.2.1
FILE2.00100010: DMSA^ENFANT^^^
FILE2.00100020: 2260430
FILE2.00080020: 2019.03.19
FILE2.00081030: REIN DMSA : IMAGES
FILE2.0020000D: 2.16.840.1.113669.632.20.670001.900002385945
FILE2.00200010: DMSA
FILE2.00080030: 13:00:01.0
FILE2.00080050: A93792033880
FILE2.0020000E: 1.2.840.113619.2.184.21753.172177051.1554192655.109681200
FILE2.00080021: 2019.04.02
FILE2.00080031: 10:10:55.0
FILE2.0008103E: DMSA_Results
FILE2.00080042: 15
FILE2.00200011: 379
FILE2.00080060:  NM
FILE2.00080016: 1.2.840.10008.5.1.4.1.1.20
FILE2.00080018: 1.2.840.113619.2.184.21753.172177051.1554192655.109689000
FILE2.00111010: Anterior Static
FILE2.00280008: 1
FILE2.00200013: 381
FILE2.00111013: 0
FILE2.001110F9: 0
FILE2.00540400: Anterior Static
FILE2.00280010: 128
FILE2.00280011: 128
FILE3.FileName: F:\\REIN/PosteriorStatic001_DS.dcm
FILE3.FileSize: 58956
FILE3.TransferSyntax: 1.2.840.10008.1.2.1
FILE3.00100010: DMSA^ENFANT^^^
FILE3.00100020: 2260430
FILE3.00080020: 2019.03.19
FILE3.00081030: REIN DMSA : IMAGES
FILE3.0020000D: 2.16.840.1.113669.632.20.670001.900002385945
FILE3.00200010: DMSA
FILE3.00080030: 13:00:01.0
FILE3.00080050: A93792033880
FILE3.0020000E: 1.2.840.113619.2.184.21753.172177051.1554192655.109681200
FILE3.00080021: 2019.04.02
FILE3.00080031: 10:10:55.0
FILE3.0008103E: DMSA_Results
FILE3.00080042: 15
FILE3.00200011: 379
FILE3.00080060:  NM
FILE3.00080016: 1.2.840.10008.5.1.4.1.1.20
FILE3.00080018: 1.2.840.113619.2.184.21753.172177051.1554192655.109687500
FILE3.00111010: Posterior Static
FILE3.00280008: 1
FILE3.00200013: 380
FILE3.00111013: 0
FILE3.001110F9: 0
FILE3.00540400: Posterior Static
FILE3.00280010: 128
FILE3.00280011: 128
FILE4.FileName: F:\\REIN/ScreenCapBasicData001_SC.dcm
FILE4.FileSize: 3147780
FILE4.TransferSyntax: 1.2.840.10008.1.2.1
FILE4.00100010: DMSA^ENFANT^^^
FILE4.00100020: 2260430
FILE4.00080020: 2019.03.19
FILE4.00081030: REIN DMSA : IMAGES
FILE4.0020000D: 2.16.840.1.113669.632.20.670001.900002385945
FILE4.00200010: DMSA
FILE4.00080030: 13:00:01.0
FILE4.00080050: A93792033880
FILE4.0020000E: 1.2.840.113619.2.184.21753.172177051.1554192650.109634300
FILE4.00080021: 2019.04.02
FILE4.00080031: 10:10:00.0
FILE4.0008103E: ScreenCap (Basic Data)
FILE4.00080042: 0
FILE4.00200011: 1000
FILE4.00080060:  NM
FILE4.00080016: 1.2.840.10008.5.1.4.1.1.7
FILE4.00080018: 1.2.840.113619.2.184.21753.172177051.1554192650.109637500
FILE4.00111010: ScreenCap (Basic Data)
FILE4.00280008: 1
FILE4.00200013: 1
FILE4.00111013: 30
FILE4.001110F9: 0
FILE4.00280010: 1024
FILE4.00280011: 1024
